sceneFile=/home/huan/git/ENSEM3A_OpenCLRaytracer/ObjFiles/protoEnsem.obj
resolution=512
spp=100
maxBounce=4
cam_x=3
cam_y=-10
cam_z=3
cam_rx=-5
cam_ry=0
cam_rz=15
cam_DOF=45
M_0_Type=1
M_0_Color_R=1
M_0_Color_G=1
M_0_Color_B=1
M_0_roughness=0.0
M_0_ior=0
M_1_Type=3
M_1_Color_R=0.8818627450980392
M_1_Color_G=1.0
M_1_Color_B=1.0
M_1_roughness=0.1
M_1_ior=0
M_2_Type=1
M_2_Color_R=0.4133731617647059
M_2_Color_G=0.31495098039215685
M_2_Color_B=0.23621323529411764
M_2_roughness=0.0
M_2_ior=0
