sceneFile=/home/huan/git/ENSEM3A_OpenCLRaytracer/ObjFiles/Serre_leger.obj
resolution=512
spp=10
maxBounce=8
cam_x=7
cam_y=-10
cam_z=10
cam_rx=-45
cam_ry=0
cam_rz=20
cam_DOF=75
IBLfile=IBL/Arches_E_PineTree_8k.jpg
IBL_Power=1
sun_Power=1
sun_rx=0
sun_ry=-45
sun_rz=0
M_0_Type=1
M_0_Color_R=1.0
M_0_Color_G=0.4330575980392157
M_0_Color_B=0.0
M_0_roughness=1.0
M_0_ior=0
M_1_Type=1
M_1_Color_R=0.04724264705882353
M_1_Color_G=0.08661151960784313
M_1_Color_B=0.04724264705882353
M_1_roughness=0.0
M_1_ior=0
M_2_Type=2
M_2_Color_R=0.0
M_2_Color_G=0.5669117647058823
M_2_Color_B=1.0
M_2_roughness=0.01
M_2_ior=0
M_3_Type=1
M_3_Color_R=0.0
M_3_Color_G=0.0
M_3_Color_B=0.0
M_3_roughness=0.0
M_3_ior=0
M_4_Type=2
M_4_Color_R=1
M_4_Color_G=1
M_4_Color_B=1
M_4_roughness=0.01
M_4_ior=0
M_5_Type=1
M_5_Color_R=0.39368872549019607
M_5_Color_G=0.11810661764705882
M_5_Color_B=0.0
M_5_roughness=0.0
M_5_ior=0
M_6_Type=2
M_6_Color_R=1.0
M_6_Color_G=1.0
M_6_Color_B=1.0
M_6_roughness=0.01
M_6_ior=0
M_7_Type=1
M_7_Color_R=0.0
M_7_Color_G=0.31888786764705884
M_7_Color_B=0.1496017156862745
M_7_roughness=1.0
M_7_ior=0
M_8_Type=1
M_8_Color_R=0.0
M_8_Color_G=0.27558210784313725
M_8_Color_B=1.0
M_8_roughness=0.0
M_8_ior=0
M_9_Type=1
M_9_Color_R=1.0
M_9_Color_G=1.0
M_9_Color_B=0.1810968137254902
M_9_roughness=0.0
M_9_ior=0
M_10_Type=1
M_10_Color_R=0.6456495098039216
M_10_Color_G=1.0
M_10_Color_B=0.6220281862745098
M_10_roughness=0.0
M_10_ior=0
M_11_Type=1
M_11_Color_R=0.45667892156862744
M_11_Color_G=0.1614123774509804
M_11_Color_B=0.0
M_11_roughness=0.0
M_11_ior=0
M_12_Type=1
M_12_Color_R=0.28345588235294117
M_12_Color_G=0.20471813725490196
M_12_Color_B=0.14172794117647058
M_12_roughness=0.0
M_12_ior=0
M_13_Type=3
M_13_Color_R=0.8936734068627451
M_13_Color_G=1.0
M_13_Color_B=1.0
M_13_roughness=1.0
M_13_ior=0
M_14_Type=1
M_14_Color_R=1.0
M_14_Color_G=1.0
M_14_Color_B=0.0
M_14_roughness=0.0
M_14_ior=0
M_15_Type=1
M_15_Color_R=0.2952665441176471
M_15_Color_G=0.4881740196078431
M_15_Color_B=0.0
M_15_roughness=0.0
M_15_ior=0
M_16_Type=1
M_16_Color_R=1.0
M_16_Color_G=0.0
M_16_Color_B=0.0
M_16_roughness=0.0
M_16_ior=0
M_17_Type=1
M_17_Color_R=0.0
M_17_Color_G=0.47636335784313727
M_17_Color_B=0.1889705882352941
M_17_roughness=0.0
M_17_ior=0
M_18_Type=2
M_18_Color_R=1.0
M_18_Color_G=1.0
M_18_Color_B=1.0
M_18_roughness=0.01
M_18_ior=0
M_19_Type=1
M_19_Color_R=1.0
M_19_Color_G=0.6220281862745098
M_19_Color_B=0.0
M_19_roughness=0.0
M_19_ior=0
